#numthreds perf
2 58.132885
4 116.397396
6 172.679660
8 227.641481
10 280.853218
12 332.587921
14 381.914806
16 429.478779
18 473.128938
20 523.807715
22 570.929823
24 617.280617
26 660.474716
28 701.594373
30 741.523460
32 779.727096
34 813.404086
36 846.391568
38 891.156387
40 933.361490
42 918.015480
44 997.578378
46 1031.998400
48 1053.538176
50 1086.090306
52 1096.964835
54 1106.594056
56 1108.916381
58 1136.263568
60 1149.889539
62 1161.757274
64 1173.273418
66 1184.662179
68 1207.024278
70 1218.130657
72 1213.251742
