#numthreds perf
2 58.171787
4 116.374927
6 172.556040
8 227.711719
10 281.029918
12 332.271311
14 381.866132
16 429.086716
18 472.874724
20 523.791253
22 570.088863
24 615.369941
26 660.732736
28 699.411358
30 739.595737
32 773.020801
34 818.420183
36 846.730193
38 885.950486
40 934.845914
42 971.082381
44 1003.171275
46 1016.940965
48 1052.735467
50 1077.249566
52 1103.967521
54 1114.873810
56 1106.672126
58 1120.313240
60 1144.009324
62 1153.231282
64 1173.115134
66 1187.519761
68 1190.706535
70 1203.813078
72 1212.207536
