#numthreds perf
2 58.639145
4 116.782901
6 173.215632
8 228.325737
10 281.524398
12 333.007832
14 382.503597
16 429.885327
18 474.014608
20 523.793071
22 571.876228
24 617.978318
26 661.541320
28 704.802782
30 745.720636
32 783.446097
34 821.409884
36 853.808734
38 884.325279
40 909.704443
42 942.523392
44 967.940480
46 984.266621
48 1019.412156
50 1022.048003
52 1029.267610
54 1025.318182
56 1046.249184
58 1065.126210
60 1059.550864
62 1093.534219
64 1111.835657
66 1124.540783
68 1131.885294
70 1143.417417
72 1138.288702
