#numthreds perf
2 39.899570
4 79.466544
6 118.212714
8 156.389394
10 193.306511
12 229.457607
14 263.446074
16 294.251640
18 321.407056
20 350.931557
22 377.174440
24 401.325961
26 421.716747
28 443.519140
30 460.608847
32 480.630039
34 495.639948
36 508.994538
38 517.818591
40 518.005817
42 518.090255
44 525.651601
46 530.998216
48 527.059602
50 525.746047
52 530.724856
54 529.848099
56 516.751601
58 561.833775
60 543.299511
62 577.122378
64 579.384220
66 607.747381
68 585.804035
70 572.980858
72 576.055739
