#numthreds perf
2 38.582874
4 73.479320
6 100.621008
8 126.285308
10 153.894719
12 178.470720
14 194.800009
16 212.134913
18 223.588847
20 238.259964
22 252.062899
24 262.620214
26 267.052825
28 276.063691
30 278.522438
32 282.111122
34 268.861563
36 282.680618
38 262.153004
40 254.556076
42 228.923840
44 251.033237
46 238.998953
48 233.664104
50 229.068179
52 214.161195
54 218.350027
56 225.320822
58 233.438283
60 239.801468
62 219.841099
64 232.772304
66 220.019642
68 217.641415
70 213.191035
72 214.481812
