#numthreds perf
2 39.571026
4 78.643486
6 115.833481
8 153.364854
10 188.784813
12 222.558533
14 254.386093
16 283.077920
18 308.802214
20 335.559069
22 356.518472
24 382.104882
26 402.499927
28 421.324053
30 443.880470
32 456.563413
34 470.641113
36 481.404836
38 509.264476
40 520.766203
42 529.797114
44 539.950972
46 548.291080
48 551.218537
50 554.647321
52 561.647875
54 565.086285
56 573.880270
58 572.377901
60 581.399574
62 588.014789
64 599.835495
66 598.838254
68 603.314155
70 607.085292
72 613.196447
