2 58.102642
4 115.818908
6 172.171899
8 227.507991
10 281.097263
12 332.290219
14 381.203431
16 429.381042
18 470.779316
20 509.912378
22 539.836564
24 557.934137
26 577.674887
28 591.676152
30 607.012512
32 611.585727
34 618.310652
36 622.568093
38 647.185310
40 636.702391
42 626.041283
44 620.066595
46 614.014419
48 607.124914
50 601.584272
52 600.287388
54 590.652627
56 586.766652
58 588.589313
60 576.856378
62 580.956676
64 572.436878
66 572.339818
68 568.696796
70 568.934606
72 568.211278
2 58.091141
4 116.007228
6 172.408257
8 227.395534
10 281.166715
12 332.447499
14 381.773740
16 428.434100
18 471.608852
20 509.524283
22 536.946266
24 557.393405
26 575.804687
28 589.668709
30 600.103218
32 611.117604
34 619.363310
36 619.104960
38 639.635664
40 626.981359
42 622.355960
44 614.087945
46 616.463426
48 608.920225
50 601.344155
52 596.936076
54 591.734796
56 589.062147
58 587.553991
60 577.163515
62 577.657785
64 577.512667
66 573.827992
68 570.064895
70 565.248787
72 565.442554
2 58.574128
4 116.522057
6 173.089577
8 228.114099
10 281.387451
12 332.721957
14 382.141679
16 429.213125
18 472.738389
20 509.779775
22 540.240889
24 563.380718
26 582.545877
28 600.050464
30 612.020152
32 627.373629
34 630.638151
36 641.357060
38 635.429533
40 627.809053
42 618.069080
44 606.203018
46 602.544848
48 598.755382
50 595.161442
52 601.955226
54 595.686012
56 595.079584
58 590.587700
60 578.846573
62 579.419889
64 576.541922
66 569.007890
68 567.974475
70 569.227693
72 565.879116
