#numthreds perf
2 58.160060
4 116.055612
6 172.172047
8 227.625223
10 280.995567
12 332.019504
14 381.115353
16 428.376288
18 471.024071
20 521.641266
22 573.446283
24 626.020707
26 679.640436
28 731.762422
30 785.574496
32 833.042636
34 887.397076
36 937.722343
38 989.431633
40 1040.945595
42 1096.830981
44 1140.748388
46 1200.636938
48 1250.901040
50 1308.864119
52 1355.801219
54 1403.920096
56 1447.075912
58 1500.670612
60 1542.448174
62 1591.248135
64 1651.858444
66 1682.230806
68 1755.698889
70 1802.288907
72 1845.576039
