#numthreds perf
2 58.605279
4 116.555165
6 172.932030
8 228.054111
10 281.059163
12 332.117272
14 381.344203
16 428.453673
18 471.847930
20 523.991439
22 576.922439
24 630.337729
26 682.992930
28 735.792604
30 787.035092
32 839.943161
34 891.473469
36 942.224557
38 987.387117
40 1032.310812
42 1080.577152
44 1122.943977
46 1172.681963
48 1220.845261
50 1246.828186
52 1268.553587
54 1291.468863
56 1354.144732
58 1401.507076
60 1418.068353
62 1505.755657
64 1559.584916
66 1609.826704
68 1655.570893
70 1706.500294
72 1709.203763
