#numthreds perf
2 58.153486
4 115.855943
6 172.533935
8 227.410854
10 281.600009
12 332.341847
14 381.498833
16 427.431256
18 468.832595
20 524.231967
22 574.161168
24 628.041586
26 679.346672
28 735.767497
30 787.810988
32 838.627167
34 891.337095
36 939.920295
38 985.157373
40 1040.401387
42 1094.979928
44 1152.302733
46 1200.436959
48 1258.073292
50 1304.155038
52 1350.154002
54 1397.751019
56 1453.234901
58 1505.406290
60 1551.235365
62 1614.644829
64 1666.093947
66 1717.287287
68 1765.326343
70 1812.916121
72 1866.642400
