#numthreds perf
2 39.900624
4 79.381883
6 118.125151
8 156.333559
10 192.951324
12 229.036995
14 262.323232
16 293.268946
18 320.029673
20 351.409115
22 380.620263
24 408.319698
26 431.984290
28 458.156194
30 482.340402
32 505.308551
34 527.390069
36 547.672420
38 554.953277
40 569.848747
42 578.786477
44 589.123311
46 597.253916
48 610.007214
50 616.451646
52 617.089872
54 622.046881
56 640.816041
58 619.816590
60 631.886177
62 671.165264
64 687.648247
66 701.253912
68 710.684258
70 721.091921
72 729.818134
