#numthreds perf
2 39.568329
4 78.516655
6 115.612483
8 153.251743
10 188.582863
12 222.490447
14 252.914844
16 282.310927
18 306.933003
20 335.124013
22 360.814792
24 385.971481
26 409.475257
28 435.381969
30 457.688160
32 479.893080
34 497.620751
36 515.649644
38 524.677553
40 544.339515
42 554.869675
44 569.079088
46 577.699499
48 592.442507
50 596.437627
52 586.072428
54 621.061596
56 628.373581
58 634.687916
60 649.496681
62 666.174253
64 678.609631
66 674.915825
68 695.203012
70 704.312151
72 717.820983
