2 39.546215
4 78.397293
6 115.586642
8 153.120041
10 188.571128
12 222.344203
14 253.037638
16 282.469618
18 306.735646
20 329.778187
22 344.734864
24 356.589666
26 368.191732
28 374.158377
30 385.835590
32 391.471212
34 394.824054
36 394.838279
38 393.895797
40 389.808648
42 383.453778
44 378.438468
46 374.117609
48 369.363854
50 359.670506
52 358.608992
54 354.634766
56 351.829911
58 347.765152
60 345.836475
62 345.417178
64 343.709493
66 338.048547
68 340.126365
70 337.772081
72 338.718821
2 38.546392
4 73.397687
6 100.473847
8 123.802309
10 154.702073
12 177.905237
14 194.794554
16 212.825447
18 223.396044
20 233.447071
22 245.138896
24 251.879573
26 254.016154
28 260.315743
30 258.627323
32 260.252484
34 248.843655
36 249.857113
38 232.895635
40 228.295778
42 204.406650
44 205.191341
46 207.428104
48 200.823678
50 174.443960
52 195.184886
54 179.395366
56 186.144735
58 178.649109
60 188.833563
62 179.622904
64 180.344806
66 172.078759
68 178.188959
70 182.021964
72 170.222979
2 39.873106
4 79.345305
6 118.165145
8 156.257337
10 193.266662
12 229.312264
14 263.267939
16 294.210680
18 321.245727
20 346.364564
22 366.930246
24 383.899191
26 397.086556
28 409.468697
30 420.221058
32 429.513044
34 435.382656
36 440.739563
38 431.033716
40 420.184619
42 411.866534
44 407.236739
46 401.740601
48 396.139816
50 392.629770
52 389.024718
54 384.011766
56 382.208044
58 372.437849
60 368.233627
62 371.490673
64 369.906857
66 365.772642
68 364.080194
70 363.239475
72 362.217016
