#numthreds perf
2 38.624047
4 73.003838
6 100.772903
8 125.797754
10 155.186939
12 179.802958
14 193.622042
16 209.728355
18 221.380913
20 240.184197
22 252.742812
24 263.793690
26 268.520262
28 279.380530
30 277.892988
32 290.248485
34 277.113379
36 287.620284
38 263.406832
40 263.406918
42 244.461944
44 252.281094
46 233.840387
48 253.014110
50 229.149474
52 223.231103
54 235.166436
56 213.906660
58 234.384087
60 222.643947
62 238.416959
64 234.349620
66 232.569430
68 229.171399
70 226.042657
72 202.625418
