#numthreds perf
2 254.742185
3 355.199567
4 427.744583
5 473.232211
6 514.317639
7 539.331418
8 560.401079
9 580.906054
10 593.859934
11 605.518850
12 615.580654
13 629.623800
14 643.035126
15 640.017921
16 650.214083
17 649.740916
18 646.217126
19 688.839847
20 729.172553
21 761.479059
22 791.212791
23 831.814406
24 872.083833
25 910.980158
26 940.016380
27 985.839646
28 1025.856719
29 1053.356455
30 1087.735376
31 1134.362389
32 1175.108844
33 1198.636551
34 1251.478309
35 1287.210438
36 1306.568282
37 1339.427730
38 1386.938507
39 1409.935108
40 1446.777574
41 1484.563325
42 1535.853541
43 1569.849471
44 1594.101823
45 1644.598214
46 1671.217252
47 1726.851022
48 1755.175024
49 1767.123984
50 1821.767388
51 1873.176580
52 1913.623805
53 1939.219997
54 1953.835746
55 1992.369226
56 2027.652106
57 2034.738066
58 2123.739693
59 2148.868218
60 2214.091586
61 2241.090963
62 2247.715057
63 2288.538997
64 2344.363564
65 2395.668631
66 2413.637049
67 2472.715134
68 2474.206398
69 2526.273242
70 2584.321567
71 2561.631247
72 2653.778151
