#numthreds perf
2 256.919121
3 355.759382
4 427.481663
5 475.962666
6 512.655247
7 539.535292
8 559.112286
9 577.476566
10 593.094658
11 605.060880
12 619.335931
13 631.676176
14 641.278556
15 647.995067
16 650.494241
17 652.459790
18 652.514976
19 688.570970
20 724.320922
21 761.454271
22 795.250288
23 832.332454
24 867.562845
25 905.078736
26 939.170954
27 976.511719
28 1011.602320
29 1047.530382
30 1082.820471
31 1119.037628
32 1153.946736
33 1190.225216
34 1232.817225
35 1263.978616
36 1296.387794
37 1337.458948
38 1370.588910
39 1401.933933
40 1446.676848
41 1473.430548
42 1517.769956
43 1547.356757
44 1581.997501
45 1615.593058
46 1652.761434
47 1686.036060
48 1726.740695
49 1750.484611
50 1800.426341
51 1822.311839
52 1861.985449
53 1897.112926
54 1884.919980
55 1944.992216
56 1978.223224
57 1981.567950
58 2041.150617
59 2097.768053
60 2051.657662
61 2113.586238
62 2194.124026
63 2209.371047
64 2163.041409
65 2238.064611
66 2317.338004
67 2376.951886
68 2326.564775
69 2346.098848
70 2413.730263
71 2512.309532
72 2540.538257
