#numthreds perf
2 256.028675
3 353.999218
4 427.049987
5 474.088402
6 513.051715
7 540.814602
8 559.623709
9 580.638325
10 594.943722
11 601.600106
12 619.018253
13 633.095711
14 640.882367
15 642.917818
16 648.838741
17 647.643751
18 650.205628
19 687.468903
20 722.654962
21 760.364481
22 799.163276
23 839.582098
24 871.351488
25 911.761957
26 946.533852
27 972.524954
28 1020.171338
29 1059.740205
30 1097.753585
31 1136.250657
32 1169.874560
33 1215.314174
34 1252.669752
35 1272.843564
36 1302.026115
37 1340.554453
38 1377.820873
39 1426.065628
40 1463.408388
41 1507.749834
42 1531.267526
43 1574.936461
44 1609.508979
45 1650.914194
46 1678.017758
47 1714.229390
48 1744.268443
49 1799.694052
50 1815.203235
51 1872.646025
52 1908.647365
53 1949.265492
54 1949.683542
55 1979.752086
56 2002.493104
57 2077.037314
58 2085.032852
59 2088.854655
60 2179.242713
61 2242.573577
62 2270.469703
63 2256.495888
64 2314.018032
65 2343.010945
66 2373.204152
67 2471.699046
68 2506.548358
69 2536.968386
70 2507.200366
71 2549.443265
72 2582.044463
