#numthreds perf
2 108.407445
3 156.199284
4 196.065899
5 229.322236
6 259.823057
7 285.670874
8 309.988920
9 334.160869
10 351.240465
11 370.004665
12 386.415785
13 400.493889
14 409.800334
15 416.812551
16 420.391533
17 420.963675
18 424.781340
19 444.862393
20 463.493298
21 481.324692
22 498.658391
23 516.235343
24 532.677891
25 548.607066
26 559.353644
27 561.280067
28 589.792781
29 605.540163
30 616.516017
31 631.599574
32 641.962608
33 658.065044
34 670.385912
35 683.295167
36 692.570536
37 700.590729
38 706.004471
39 707.608981
40 712.523174
41 702.509337
42 692.534924
43 724.280330
44 724.080388
45 732.122372
46 736.285328
47 736.151924
48 744.789985
49 742.876649
50 749.187974
51 751.251021
52 754.563719
53 758.888505
54 739.084780
55 768.942342
56 775.462656
57 763.266356
58 737.508745
59 704.915810
60 725.769395
61 782.195892
62 837.800292
63 811.855773
64 804.840876
65 808.080073
66 826.986385
67 840.845765
68 831.463839
69 833.766110
70 837.312136
71 858.081752
72 847.107746
