#numthreds perf
2 96.958838
3 141.184784
4 173.320326
5 189.648285
6 208.916231
7 222.050442
8 231.130172
9 232.154771
10 238.516546
11 243.795407
12 251.062544
13 253.834326
14 260.860690
15 261.058180
16 269.911179
17 262.604094
18 268.994184
19 277.077484
20 282.634978
21 287.990335
22 301.553377
23 306.652285
24 307.850259
25 307.472819
26 304.058805
27 307.669824
28 306.794580
29 301.451224
30 318.486552
31 315.066562
32 313.737425
33 296.984310
34 297.196361
35 297.178918
36 308.072778
37 310.896696
38 300.249582
39 303.271082
40 305.143072
41 275.687245
42 267.278914
43 281.520138
44 282.499841
45 279.148318
46 275.743974
47 281.589106
48 257.450704
49 249.866868
50 249.362411
51 260.258834
52 269.363716
53 246.863674
54 260.775233
55 240.867944
56 254.381563
57 251.674501
58 241.162379
59 218.568247
60 218.062677
61 198.996956
62 202.888730
63 210.348129
64 210.883208
65 187.916897
66 183.653085
67 182.679099
68 183.268880
69 186.548631
70 192.980387
71 183.827922
72 187.170054
