#numthreds perf
2 102.303753
3 153.414734
4 192.810669
5 221.303934
6 254.525544
7 279.340728
8 299.112943
9 316.877489
10 333.624699
11 347.177770
12 361.303656
13 372.251273
14 380.420517
15 391.763179
16 394.362976
17 396.745497
18 398.688713
19 413.599567
20 437.817349
21 446.314502
22 458.053205
23 478.984266
24 497.351912
25 510.805451
26 522.987251
27 534.835866
28 538.148326
29 565.404190
30 583.361651
31 580.011078
32 596.898664
33 607.999757
34 619.234348
35 627.044754
36 632.519571
37 628.105688
38 646.216082
39 656.027002
40 664.289617
41 664.521370
42 676.883661
43 678.996104
44 682.175355
45 690.307990
46 690.109693
47 701.007874
48 701.813486
49 703.947119
50 714.098263
51 706.738130
52 719.923616
53 728.397108
54 726.379940
55 734.098509
56 720.871389
57 730.947399
58 724.072328
59 739.797499
60 751.549131
61 758.618139
62 770.029675
63 777.387357
64 779.418671
65 772.980468
66 686.892797
67 792.237655
68 787.827281
69 568.887675
70 805.344265
71 805.369398
72 815.941040
